0 0.486550349845145 0.5437205529135112 0.5446459140057593 0.5437205529135113 0.5450860319160671 0.5873802496160335 0.4865503498451449 0.5877323439442798
0 0.4883108214863758 0.6014640227458794 0.5464063856469901 0.6014640227458795 0.5468465035572978 0.6451237194484016 0.4883108214863756 0.645475813776648
0 0.4909515289482219 0.6577991152652629 0.5490470931088363 0.657799115265263 0.549487211019144 0.7014588119677854 0.4909515289482218 0.7018109062960316
0 0.48919105730699125 0.7137821134564004 0.5472866214676055 0.7137821134564005 0.5477267393779133 0.7574418101589228 0.4891910573069911 0.7577939044871691
0 0.5565290975840669 0.5430163642570189 0.6146246617446812 0.543016364257019 0.6150647796549888 0.5866760609595413 0.5565290975840668 0.5870281552877875
0 0.5582895692252976 0.6007598340893872 0.6163851333859119 0.6007598340893873 0.6168252512962197 0.6444195307919094 0.5582895692252975 0.6447716251201556
0 0.5609302766871438 0.6570949266087706 0.6190258408477581 0.6570949266087708 0.6194659587580658 0.700754623311293 0.5609302766871437 0.7011067176395394
0 0.5591698050459131 0.7130779247999081 0.6172653692065274 0.7130779247999083 0.6177054871168352 0.7567376215024305 0.559169805045913 0.7570897158306767
0 0.6278281990539117 0.5419600812722805 0.6859237632145261 0.5419600812722806 0.6863638811248339 0.5856197779748028 0.6278281990539116 0.585971872303049
0 0.6295886706951426 0.5997035511046487 0.6876842348557568 0.5997035511046488 0.6881243527660647 0.6433632478071709 0.6295886706951425 0.6437153421354173
0 0.6322293781569887 0.6560386436240322 0.690324942317603 0.6560386436240323 0.6907650602279108 0.6996983403265545 0.6322293781569885 0.7000504346548009
0 0.6304689065157579 0.7120216418151696 0.6885644706763722 0.7120216418151698 0.6890045885866799 0.755681338517692 0.6304689065157578 0.7560334328459384
0 0.4170117200165311 0.5430163642570189 0.4751072841771453 0.543016364257019 0.47554740208745316 0.5866760609595413 0.4170117200165309 0.5870281552877875
0 0.4187721916577618 0.6007598340893872 0.4768677558183761 0.6007598340893873 0.47730787372868394 0.6444195307919094 0.4187721916577617 0.6447716251201556
0 0.421412899119608 0.6570949266087706 0.47950846328022223 0.6570949266087708 0.4799485811905301 0.700754623311293 0.42141289911960783 0.7011067176395394
0 0.4196524274783772 0.7130779247999081 0.47774799163899145 0.7130779247999083 0.47818810954929913 0.7567376215024305 0.41965242747837705 0.7570897158306767
0 0.3452725006363786 0.5447768358982497 0.40336806479699283 0.5447768358982498 0.4038081827073007 0.588436532600772 0.34527250063637843 0.5887886269290182
0 0.3470329722776093 0.6025203057306178 0.4051285364382236 0.602520305730618 0.40556865434853145 0.6461800024331401 0.3470329722776092 0.6465320967613865
0 0.3496736797394555 0.6588553982500014 0.40776924390006974 0.6588553982500015 0.4082093618103776 0.7025150949525237 0.34967367973945535 0.7028671892807701
0 0.34791320809822474 0.7148383964411389 0.40600877225883897 0.714838396441139 0.4064488901691467 0.7584980931436612 0.34791320809822457 0.7588501874719076
0 0.27485363498714915 0.545481024554742 0.3329491991477634 0.5454810245547421 0.3333893170580712 0.5891407212572644 0.274853634987149 0.5894928155855106
0 0.27661410662837993 0.6032244943871102 0.3347096707889941 0.6032244943871103 0.33514978869930195 0.6468841910896326 0.27661410662837976 0.6472362854178789
0 0.279254814090226 0.6595595869064936 0.3373503782508403 0.6595595869064939 0.3377904961611481 0.7032192836090161 0.2792548140902259 0.7035713779372624
0 0.2774943424489953 0.7155425850976314 0.3355899066096095 0.7155425850976315 0.3360300245199172 0.7592022818001537 0.2774943424489951 0.7595543761284
