0 0.08827751179971868 0.38256427824622674 0.08929103087893477 0.49175682760490674 0.21294035854329388 0.4926941027066979 0.20989980130564573 0.3844388284498092
0 0.2286499042711428 0.3839701908989136 0.2296634233503589 0.49316274025759355 0.35331275101471804 0.4941000153593847 0.35027219377706986 0.385844741102496
0 0.3685155372029588 0.3849074660007048 0.3695290562821749 0.49410001535938475 0.49317838394653407 0.4950372904611759 0.4901378267088859 0.3867820162042872
0 0.5043270938179107 0.3816270031444355 0.5053406128971268 0.49081955250311543 0.6289899405614858 0.4917568276049066 0.6259493833238378 0.3835015533480179
0 0.6446994862893348 0.3830329157971223 0.6457130053685509 0.4922254651558023 0.76936233303291 0.49316274025759343 0.7663217757952618 0.38490746600070475
0 0.7845651192211508 0.3839701908989135 0.7855786383003669 0.4931627402575935 0.9092279659647261 0.49410001535938464 0.9061874087270779 0.38584474110249595
0 0.0887842713393267 0.5081591418862534 0.08979779041854279 0.6173516912449334 0.2134471180829019 0.6182889663467246 0.21040656084525375 0.5100336920898358
0 0.2291566638107508 0.5095650545389403 0.2301701828899669 0.6187576038976202 0.3538195105543261 0.6196948789994113 0.3507789533166779 0.5114396047425227
0 0.3690222967425668 0.5105023296407315 0.3700358158217829 0.6196948789994114 0.49368514348614206 0.6206321541012025 0.4906445862484939 0.5123768798443139
0 0.5048338533575187 0.5072218667844621 0.5058473724367348 0.6164144161431421 0.6294967001010938 0.6173516912449333 0.6264561428634458 0.5090964169880445
0 0.6452062458289428 0.508627779437149 0.6462197649081589 0.6178203287958289 0.7698690925725181 0.61875760389762 0.7668285353348699 0.5105023296407314
0 0.7850718787607589 0.5095650545389403 0.786085397839975 0.6187576038976202 0.9097347255043341 0.6196948789994113 0.9066941682666859 0.5114396047425227
0 0.08726399272050259 0.6370344683825496 0.08827751179971868 0.7462270177412296 0.21192683946407775 0.7471642928430208 0.2088862822264296 0.638909018586132
0 0.22763638519192667 0.6384403810352365 0.2286499042711428 0.7476329303939164 0.35229923193550194 0.7485702054957076 0.3492586746978537 0.6403149312388189
0 0.3675020181237427 0.6393776561370277 0.3685155372029588 0.7485702054957076 0.492164864867318 0.7495074805974988 0.4891243076296698 0.6412522063406101
0 0.5033135747386946 0.6360971932807583 0.5043270938179107 0.7452897426394383 0.6279764214822697 0.7462270177412293 0.6249358642446217 0.6379717434843407
0 0.6436859672101187 0.6375031059334451 0.6446994862893348 0.746695655292125 0.7683488139536939 0.7476329303939161 0.7653082567160457 0.6393776561370275
0 0.7835516001419347 0.6384403810352363 0.7845651192211508 0.7476329303939163 0.90821444688551 0.7485702054957073 0.9051738896478618 0.6403149312388188
0 0.08777075226011063 0.7626293320225763 0.08878427133932673 0.8718218813812563 0.21243359900368586 0.8727591564830475 0.2093930417660377 0.7645038822261587
0 0.22814314473153469 0.7640352446752631 0.2291566638107508 0.873227794033943 0.35280599147511 0.8741650691357343 0.3497654342374618 0.7659097948788456
0 0.3680087776633507 0.7649725197770543 0.3690222967425668 0.8741650691357343 0.49267162440692597 0.8751023442375255 0.48963106716927773 0.7668470699806368
0 0.5038203342783025 0.7616920569207849 0.5048338533575187 0.8708846062794648 0.6284831810218777 0.8718218813812562 0.6254426237842297 0.7635666071243673
0 0.6441927267497267 0.7630979695734718 0.6452062458289428 0.8722905189321517 0.768855573493302 0.8732277940339429 0.7658150162556538 0.7649725197770542
0 0.7840583596815428 0.7640352446752631 0.7850718787607589 0.873227794033943 0.908721206425118 0.8741650691357343 0.9056806491874698 0.7659097948788456
