0 0.3198747266185958 0.28697271623507115 0.3709093559111291 0.2864056647984874 0.3720434587842965 0.3669269687933733 0.32100882949176307 0.3697622259762918
0 0.32138686378281894 0.38960902625672134 0.3724214930753523 0.38904197482013764 0.37355559594851967 0.46956327881502347 0.3225209666559863 0.472398535997942
0 0.3221429323649306 0.49734879920762487 0.3731775616574639 0.49678174777104117 0.37431166453063125 0.577303051765927 0.32327703523809787 0.5801383089488455
0 0.32365506952915374 0.5977169034829403 0.37468969882168707 0.5971498520463566 0.37582380169485446 0.6776711560412424 0.3247891724023211 0.6805064132241609
0 0.38943303617286334 0.2864056647984874 0.4404676654653967 0.2858386133619037 0.441601768338564 0.3663599173567896 0.39056713904603063 0.3691951745397081
0 0.3909451733370865 0.38904197482013764 0.44197980262961983 0.38847492338355394 0.44311390550278723 0.46899622737843977 0.39207927621025385 0.4718314845613583
0 0.3920792762102539 0.4928123877149552 0.44311390550278723 0.4922453362783715 0.44424800837595463 0.5727666402732574 0.39321337908342124 0.575601897456176
0 0.3932133790834213 0.5971498520463566 0.44424800837595463 0.5965828006097729 0.445382111249122 0.6771041046046586 0.39434748195658864 0.6799393617875772
0 0.4586133114360751 0.28300335617898514 0.5096479407286084 0.28243630474240145 0.5107820436017758 0.36295760873728733 0.4597474143092424 0.3657928659202059
0 0.46012544860029825 0.3856396662006354 0.5111600778928316 0.3850726147640517 0.512294180765999 0.4655939187589375 0.4612595514734656 0.46842917594185607
0 0.4620156200555773 0.4905441819686204 0.5130502493481106 0.4899771305320367 0.514184352221278 0.5704984345269225 0.46314972292874457 0.573333691709841
0 0.46239365434663304 0.5937475434268543 0.5134282836391664 0.5931804919902707 0.5145623865123338 0.6737017959851564 0.4635277572198004 0.676537053168075
0 0.5281716209903426 0.28243630474240145 0.579206250282876 0.2818692533058177 0.5803403531560434 0.36239055730070363 0.5293057238635099 0.3652258144836222
0 0.5296837581545658 0.3850726147640517 0.5807183874470991 0.384505563327468 0.5818524903202665 0.4650268673223538 0.5308178610277331 0.46786212450527237
0 0.5300617924456216 0.4871418733491182 0.5810964217381549 0.4865748219125345 0.5822305246113223 0.5670961259074203 0.5311958953187889 0.5699313830903389
0 0.5319519639009006 0.5931804919902707 0.5829865931934339 0.5926134405536869 0.5841206960666013 0.6731347445485727 0.5330860667740679 0.6759700017314912
0 0.5992420677088333 0.2778998932497318 0.6502766970013667 0.27733284181314805 0.651410799874534 0.35785414580803393 0.6003761705820007 0.3606894029909525
0 0.5981079648356659 0.38280440901771684 0.6491425941281993 0.38223735758113314 0.6502766970013666 0.46275866157601897 0.5992420677088333 0.4655939187589375
0 0.6003761705820007 0.48544071903936703 0.651410799874534 0.48487366760278333 0.6525449027477015 0.5653949715976692 0.601510273455168 0.5682302287805877
0 0.6003761705820007 0.5909122862439358 0.6514107998745341 0.5903452348073521 0.6525449027477014 0.6708665388022381 0.601510273455168 0.6737017959851567
0 0.6672882400988778 0.27619873893998065 0.7183228693914111 0.2756316875033969 0.7194569722645785 0.3561529914982829 0.6684223429720452 0.35898824868120144
0 0.6691784115541567 0.37996915183479835 0.7202130408466901 0.37940210039821465 0.7213471437198575 0.4599234043931005 0.6703125144273241 0.462758661576019
0 0.670312514427324 0.48373956472961593 0.7213471437198574 0.48317251329303224 0.7224812465930246 0.5636938172879181 0.6714466173004913 0.5665290744708367
0 0.6699344801362683 0.5903452348073521 0.7209691094288018 0.5897781833707684 0.722103212301969 0.6702994873656543 0.6710685830094357 0.6731347445485728
