0 0.2133609528741585 0.1305023303987571 0.2982910409114448 0.12428793371310201 0.3003625064733299 0.29518384256861735 0.214396685655101 0.2993267736923874
0 0.21077162092180216 0.5199378560331435 0.2988089073019161 0.5168306576903159 0.3003625064733298 0.6939409632314864 0.2118073537027447 0.6949766960124287
0 0.21128948731227343 0.3262558259968928 0.2993267736923874 0.3231486276540652 0.3008803728638011 0.5002589331952357 0.21232522009321594 0.5012946659761781
0 0.2102537545313309 0.7239772138788194 0.29829104091144487 0.7208700155359918 0.29984464008285855 0.8979803210771624 0.21128948731227343 0.8990160538581046
0 0.2118073537027447 0.3252200932159503 0.29984464008285866 0.3221128948731227 0.30139823925427234 0.49922320041429324 0.21284308648368722 0.5002589331952355
0 0.3138270326255826 0.12843086483687208 0.39875712066286895 0.12221646815121698 0.400828586224754 0.2931123770067323 0.31486276540652514 0.2972553081305023
0 0.3112377006732263 0.5178663904712584 0.3992749870533403 0.5147591921284308 0.400828586224754 0.6918694976696013 0.31227343345416886 0.6929052304505438
0 0.310719834282755 0.7219057483169344 0.39875712066286895 0.7187985499741067 0.4003107198342826 0.8959088555152773 0.31175556706369756 0.8969445882962195
0 0.31227343345416886 0.3231486276540652 0.4003107198342828 0.3200414293112377 0.40186431900569647 0.49715173485240816 0.31330916623511135 0.4981874676333505
0 0.4142931123770067 0.1305023303987571 0.4992232004142931 0.12428793371310201 0.5012946659761781 0.29518384256861735 0.41532884515794927 0.2993267736923874
0 0.41170378042465045 0.5199378560331435 0.49974106680476443 0.5168306576903159 0.5012946659761781 0.6939409632314864 0.412739513205593 0.6949766960124287
0 0.4111859140341791 0.7239772138788194 0.499223200414293 0.7208700155359918 0.5007767995857066 0.8979803210771624 0.41222164681512163 0.8990160538581046
0 0.412739513205593 0.3252200932159503 0.5007767995857069 0.3221128948731227 0.5023303987571206 0.49922320041429324 0.41377524598653553 0.5002589331952355
0 0.4142931123770067 0.1305023303987571 0.4992232004142931 0.12428793371310201 0.5012946659761781 0.29518384256861735 0.41532884515794927 0.2993267736923874
0 0.41170378042465045 0.5199378560331435 0.49974106680476443 0.5168306576903159 0.5012946659761781 0.6939409632314864 0.412739513205593 0.6949766960124287
0 0.4111859140341791 0.7239772138788194 0.499223200414293 0.7208700155359918 0.5007767995857066 0.8979803210771624 0.41222164681512163 0.8990160538581046
0 0.412739513205593 0.3252200932159503 0.5007767995857069 0.3221128948731227 0.5023303987571206 0.49922320041429324 0.41377524598653553 0.5002589331952355
0 0.5163127912998446 0.13257379596064214 0.6012428793371309 0.12635939927498704 0.603314344899016 0.29725530813050244 0.5173485240807871 0.30139823925427245
0 0.5137234593474883 0.5220093215950284 0.6017607457276024 0.5189021232522009 0.603314344899016 0.6960124287933713 0.5147591921284309 0.6970481615743138
0 0.513205592957017 0.7260486794407045 0.6012428793371309 0.7229414810978768 0.6027964785085446 0.9000517866390474 0.5142413257379596 0.9010875194199897
0 0.5147591921284309 0.32729155877783533 0.6027964785085448 0.32418436043500776 0.6043500776799585 0.5012946659761783 0.5157949249093734 0.5023303987571206
0 0.7172449508026929 0.12635939927498702 0.8021750388399792 0.12014500258933193 0.8042465044018644 0.2910409114448473 0.7182806835836354 0.29518384256861735
0 0.7146556188503367 0.5157949249093734 0.8026929052304507 0.5126877265665458 0.8042465044018644 0.6897980321077162 0.7156913516312793 0.6908337648886587
0 0.7141377524598653 0.7198342827550493 0.8021750388399792 0.7167270844122217 0.8037286380113929 0.8938373899533922 0.7151734852408077 0.8948731227343345
0 0.7156913516312791 0.32107716209218023 0.803728638011393 0.31796996374935266 0.8052822371828067 0.4950802692905232 0.7167270844122217 0.4961160020714655
0 0.6178146038322113 0.1315380631796996 0.7027446918694977 0.12532366649404453 0.7048161574313826 0.2962195753495599 0.6188503366131538 0.3003625064733299
0 0.615225271879855 0.520973588814086 0.703262558259969 0.5178663904712584 0.7048161574313826 0.6949766960124287 0.6162610046607976 0.6960124287933712
0 0.6147074054893836 0.725012946659762 0.7027446918694976 0.7219057483169344 0.7042982910409112 0.899016053858105 0.6157431382703262 0.9000517866390472
0 0.6162610046607976 0.3262558259968928 0.7042982910409115 0.3231486276540652 0.7058518902123251 0.5002589331952357 0.6172967374417401 0.5012946659761781
