0 0.3211913952865791 0.22070150444013545 0.3190324447092757 0.32843699811153854 0.37300620914186033 0.3267921814142652 0.3725744190263997 0.22070150444013545
0 0.39200497422213004 0.21823427939422546 0.3898460236448267 0.3259697730656286 0.44381978807741135 0.3243249563683552 0.4433879979619506 0.21823427939422546
0 0.46281855315768106 0.21823427939422546 0.4606596025803777 0.3259697730656286 0.5146333670129624 0.3243249563683552 0.5142015768975017 0.21823427939422546
0 0.46281855315768106 0.21823427939422546 0.4606596025803777 0.3259697730656286 0.5146333670129624 0.3243249563683552 0.5142015768975017 0.21823427939422546
0 0.5336321320932321 0.2198790960914988 0.5314731815159287 0.32761458976290186 0.5854469459485133 0.32596977306562847 0.5850151558330527 0.2198790960914988
0 0.6044457110287831 0.21741187104558882 0.6022867604514797 0.32514736471699185 0.6562605248840643 0.3235025480197185 0.6558287347686036 0.21741187104558882
0 0.675259289964334 0.21741187104558882 0.6731003393870307 0.32514736471699185 0.7270741038196153 0.3235025480197185 0.7266423137041547 0.21741187104558882
0 0.32032781505565766 0.35886610701109517 0.31816886447835424 0.4666016006824983 0.37214262891093886 0.46495678398522494 0.3717108387954782 0.35886610701109517
0 0.39114139399120856 0.3563988819651851 0.38898244341390525 0.46413437563658816 0.44295620784648987 0.4624895589393148 0.4425244177310292 0.3563988819651851
0 0.4619549729267596 0.3563988819651851 0.4597960223494562 0.46413437563658816 0.5137697867820409 0.4624895589393148 0.5133379966665802 0.3563988819651851
0 0.5327685518623106 0.3580436986624585 0.5306096012850072 0.46577919233386156 0.584583365717592 0.46413437563658816 0.5841515756021313 0.3580436986624585
0 0.6035821307978616 0.35557647361654854 0.6014231802205583 0.46331196728795154 0.6553969446531428 0.4616671505906782 0.6549651545376821 0.35557647361654854
0 0.6743957097334128 0.35557647361654854 0.6722367591561094 0.46331196728795154 0.7262105235886941 0.4616671505906782 0.7257787334732333 0.35557647361654854
0 0.31989602494019687 0.49045144279296154 0.31773707436289345 0.5981869364643646 0.37171083879547806 0.5965421197670913 0.37127904868001743 0.49045144279296154
0 0.39070960387574777 0.4879842177470515 0.3885506532984444 0.5957197114184545 0.4425244177310291 0.5940748947211811 0.44209262761556833 0.4879842177470515
0 0.4615231828112988 0.4879842177470515 0.4593642322339954 0.5957197114184545 0.5133379966665801 0.5940748947211811 0.5129062065511194 0.4879842177470515
0 0.5323367617468499 0.4896290344443248 0.5301778111695464 0.5973645281157279 0.5841515756021312 0.5957197114184545 0.5837197854866705 0.4896290344443248
0 0.6031503406824008 0.48716180939841486 0.6009913901050975 0.5948973030698179 0.654965154537682 0.5932524863725446 0.6545333644222212 0.48716180939841486
0 0.673963919617952 0.48716180939841486 0.6718049690406487 0.5948973030698179 0.7257787334732333 0.5932524863725446 0.7253469433577726 0.48716180939841486
0 0.31989602494019687 0.6253264119693746 0.31773707436289345 0.7330619056407777 0.37171083879547806 0.7314170889435043 0.37127904868001743 0.6253264119693746
0 0.39070960387574777 0.6228591869234645 0.3885506532984444 0.7305946805948674 0.4425244177310291 0.7289498638975941 0.44209262761556833 0.6228591869234645
0 0.4615231828112988 0.6228591869234645 0.4593642322339954 0.7305946805948674 0.5133379966665801 0.7289498638975941 0.5129062065511194 0.6228591869234645
0 0.5323367617468499 0.6245040036207379 0.5301778111695464 0.7322394972921409 0.5841515756021312 0.7305946805948674 0.5837197854866705 0.6245040036207379
0 0.6031503406824008 0.6220367785748279 0.6009913901050975 0.729772272246231 0.654965154537682 0.7281274555489575 0.6545333644222212 0.6220367785748279
0 0.673963919617952 0.6220367785748279 0.6718049690406487 0.729772272246231 0.7257787334732333 0.7281274555489575 0.7253469433577726 0.6220367785748279
