0 0.15062263495896483 0.09160762193712997 0.15062263495896483 0.2772501468616165 0.2627121668026881 0.27811763529584305 0.2632310998204832 0.09507757567403625
0 0.14957770287955 0.3009997677691317 0.14957770287955 0.4866422926936185 0.26166723472327325 0.4875097811278449 0.2621861677410684 0.304469721506038
0 0.15010370194116981 0.5080020703658851 0.15010370194116981 0.6936445952903716 0.2621932337848931 0.6945120837245983 0.26271216680268816 0.5114720241027914
0 0.1495847689233748 0.7127293408433563 0.1495847689233748 0.8983718657678428 0.2616743007670981 0.8992393542020696 0.2621932337848931 0.7161992945802629
0 0.27672335828315353 0.09247511037135656 0.27672335828315353 0.27811763529584316 0.38881289012687675 0.27898512373006973 0.3893318231446718 0.09594506410826285
0 0.27254716298740655 0.30206371611339683 0.27254716298740655 0.4877062410378836 0.3846366948311298 0.48857372947211003 0.3851556278489248 0.3055336698503033
0 0.2756854922475635 0.5027971397605254 0.2756854922475635 0.6884396646850124 0.38777502409128667 0.6893071531192391 0.3882939571090817 0.5062670934974319
0 0.2736936206433244 0.7145298043484891 0.2736936206433244 0.9001723292729757 0.38578315248704764 0.9010398177072024 0.38630208550484274 0.7179997580853953
0 0.4012672825539571 0.08987264506867683 0.4012672825539571 0.2755151699931635 0.5133568143976803 0.27638265842739 0.5138757474154754 0.09334259880558315
0 0.3983365972415824 0.3009810233369994 0.3983365972415824 0.48662354826148624 0.5104261290853057 0.4874910366957127 0.5109450621031008 0.30445097707390567
0 0.39866201839924487 0.5067254999541887 0.39866201839924487 0.6923680248786751 0.5107515502429681 0.6932355133129018 0.5112704832607631 0.5101954536910949
0 0.4002294165183671 0.7109943639749035 0.4002294165183671 0.8966368888993899 0.5123189483620905 0.8975043773336162 0.5128378813798853 0.7144643177118094
0 0.5273680058781458 0.0907401335029034 0.5273680058781458 0.27638265842739 0.6394575377218691 0.2772501468616165 0.6399764707396641 0.09421008723980967
0 0.527886938895941 0.29720238084882783 0.527886938895941 0.48284490577331435 0.6399764707396641 0.48371239420754103 0.6404954037574594 0.300672334585734
0 0.5237178096440187 0.5094589385302275 0.5237178096440187 0.6951014634547138 0.6358073414877421 0.6959689518889408 0.636326274505537 0.5129288922671337
0 0.5225830108267018 0.7162930167409243 0.5225830108267018 0.9019355416654109 0.634672542670425 0.9028030300996376 0.6351914756882201 0.7197629704778308
0 0.6493172650599744 0.09594506410826285 0.6493172650599744 0.2815875890327495 0.7614067969036978 0.28245507746697607 0.7619257299214928 0.09941501784516914
0 0.6487983320421794 0.2980698692830544 0.6487983320421794 0.48371239420754103 0.7608878638859027 0.4845798826417675 0.7614067969036978 0.3015398230199606
0 0.6498361980777694 0.5053996050632052 0.6498361980777694 0.6910421299876919 0.7619257299214928 0.6919096184219188 0.7624446629392878 0.5088695588001118
0 0.6498361980777694 0.7161992945802629 0.6498361980777694 0.9018418195047492 0.7619257299214928 0.9027093079389756 0.7624446629392878 0.719669248317169
0 0.776974787437548 0.09594506410826285 0.776974787437548 0.2815875890327495 0.8890643192812715 0.28245507746697607 0.8895832522990665 0.09941501784516914
0 0.775936921401958 0.3032747998884137 0.775936921401958 0.4889173248129005 0.8880264532456814 0.48978481324712697 0.8885453862634766 0.30674475362532005
0 0.775936921401958 0.5062670934974319 0.775936921401958 0.6919096184219188 0.8880264532456814 0.6927771068561452 0.8885453862634766 0.5097370472343382
0 0.775936921401958 0.7170667830144892 0.775936921401958 0.9027093079389756 0.8880264532456814 0.9035767963732027 0.8885453862634766 0.7205367367513954
