0 0.25205479452054796 0.28858447488584477 0.23561643835616441 0.35525114155251136 0.31689497716894977 0.35707762557077627 0.32968036529680367 0.2922374429223744
0 0.23287671232876714 0.3698630136986301 0.2164383561643836 0.4365296803652967 0.29771689497716897 0.4383561643835617 0.31050228310502287 0.3735159817351598
0 0.20821917808219179 0.45844748858447487 0.18721461187214616 0.5351598173515981 0.2694063926940639 0.5360730593607307 0.2931506849315069 0.4621004566210046
0 0.18264840182648404 0.5525114155251142 0.15707762557077629 0.6347031963470319 0.24109589041095889 0.6420091324200914 0.26757990867579917 0.5561643835616438
0 0.3579908675799087 0.29771689497716897 0.3415525114155252 0.3643835616438356 0.4228310502283106 0.3662100456621005 0.4356164383561644 0.3013698630136986
0 0.3360730593607306 0.3789954337899543 0.3223744292237443 0.4465753424657533 0.4082191780821918 0.4502283105022831 0.4219178082191781 0.38173515981735157
0 0.319634703196347 0.4666666666666666 0.2986301369863014 0.5433789954337899 0.3908675799086758 0.5488584474885846 0.40456621004566223 0.4703196347031963
0 0.29680365296803657 0.5598173515981735 0.27671232876712337 0.642009132420091 0.3689497716894978 0.6474885844748859 0.3872146118721462 0.5634703196347032
0 0.25205479452054796 0.28858447488584477 0.23561643835616441 0.35525114155251136 0.31689497716894977 0.35707762557077627 0.32968036529680367 0.2922374429223744
0 0.23287671232876714 0.3698630136986301 0.2164383561643836 0.4365296803652967 0.29771689497716897 0.4383561643835617 0.31050228310502287 0.3735159817351598
0 0.20821917808219179 0.45844748858447487 0.18721461187214616 0.5351598173515981 0.2694063926940639 0.5360730593607307 0.2931506849315069 0.4621004566210046
0 0.18264840182648404 0.5525114155251142 0.15707762557077629 0.6347031963470319 0.24109589041095889 0.6420091324200914 0.26757990867579917 0.5561643835616438
0 0.4602739726027397 0.3050228310502283 0.4538812785388129 0.37168949771689497 0.5351598173515982 0.3735159817351599 0.5479452054794521 0.30867579908675796
0 0.4484018264840183 0.38630136986301367 0.43470319634703203 0.45388127853881266 0.5205479452054795 0.4575342465753425 0.5342465753424658 0.3890410958904109
0 0.43196347031963467 0.47397260273972597 0.4219178082191781 0.547945205479452 0.508675799086758 0.5525114155251144 0.5168949771689499 0.47762557077625567
0 0.41917808219178077 0.5689497716894977 0.4054794520547945 0.6520547945205475 0.4977168949771689 0.6584474885844749 0.5095890410958903 0.5726027397260274
0 0.5671232876712328 0.31141552511415527 0.5616438356164384 0.3771689497716896 0.652054794520548 0.378082191780822 0.6547945205479452 0.3150684931506849
0 0.558904109589041 0.39178082191780816 0.5506849315068493 0.4621004566210044 0.645662100456621 0.4657534246575342 0.6447488584474885 0.3945205479452054
0 0.5497716894977169 0.47853881278538807 0.5388127853881278 0.5616438356164384 0.641095890410959 0.5652968036529683 0.641095890410959 0.4849315068493151
0 0.5378995433789954 0.5735159817351597 0.5324200913242009 0.6694063926940634 0.6319634703196346 0.6767123287671233 0.6347031963470319 0.5826484018264839
0 0.673972602739726 0.31689497716894977 0.6684931506849315 0.3826484018264841 0.7589041095890413 0.3835616438356165 0.7616438356164384 0.3205479452054794
0 0.6730593607305935 0.4 0.667579908675799 0.4675799086757989 0.760730593607306 0.47397260273972597 0.7598173515981734 0.40273972602739716
0 0.6712328767123286 0.4803652968036529 0.6666666666666664 0.5680365296803653 0.7589041095890411 0.5726027397260277 0.7625570776255708 0.4867579908675799
0 0.6639269406392694 0.5926940639269405 0.6639269406392694 0.6821917808219173 0.7634703196347031 0.6894977168949771 0.7662100456621005 0.5954337899543378
0 0.782648401826484 0.3223744292237443 0.7881278538812786 0.3872146118721462 0.8785388127853884 0.3881278538812786 0.8730593607305938 0.32237442922374426
0 0.7872146118721461 0.4 0.7899543378995433 0.47853881278538796 0.8831050228310504 0.484931506849315 0.8776255707762557 0.39908675799086746
0 0.7917808219178079 0.4968036529680364 0.7981735159817347 0.576255707762557 0.9013698630136986 0.5899543378995437 0.8893788102513124 0.5584294576590011 0.8904109589041096 0.504109589041096
0 0.7981735159817354 0.5945205479452054 0.7963470319634706 0.6931506849315063 0.9004566210045666 0.7041095890410958 0.8958904109589042 0.6054794520547944
