0 0.28287671232876715 0.22054794520547946 0.28287671232876715 0.35114155251141554 0.3527397260273972 0.3529680365296804 0.35136986301369866 0.22420091324200914
0 0.3595890410958904 0.2214611872146119 0.3595890410958904 0.35205479452054794 0.4294520547945206 0.3538812785388128 0.42808219178082196 0.22511415525114156
0 0.4349315068493151 0.2214611872146119 0.4349315068493151 0.35205479452054794 0.5047945205479452 0.3538812785388128 0.5034246575342466 0.22511415525114156
0 0.513013698630137 0.22420091324200914 0.513013698630137 0.3547945205479452 0.5828767123287671 0.35662100456621004 0.5815068493150686 0.2278538812785388
0 0.5869863013698631 0.22054794520547946 0.5869863013698631 0.35114155251141554 0.6568493150684932 0.3529680365296804 0.6554794520547946 0.22420091324200914
0 0.6618721461187215 0.2178082191780822 0.6618721461187215 0.3484018264840183 0.7317351598173518 0.35022831050228315 0.7303652968036531 0.2214611872146119
0 0.2842465753424658 0.3648401826484018 0.2842465753424658 0.49543378995433784 0.3541095890410959 0.4972602739726027 0.35273972602739734 0.3684931506849315
0 0.3609589041095891 0.36575342465753424 0.3609589041095891 0.49634703196347024 0.4308219178082192 0.4981735159817351 0.42945205479452064 0.3694063926940639
0 0.4363013698630137 0.36575342465753424 0.4363013698630137 0.49634703196347024 0.5061643835616438 0.4981735159817351 0.5047945205479453 0.3694063926940639
0 0.5143835616438357 0.3684931506849315 0.5143835616438357 0.4990867579908675 0.5842465753424658 0.5009132420091323 0.5828767123287673 0.37214611872146114
0 0.5883561643835616 0.3648401826484018 0.5883561643835616 0.49543378995433784 0.658219178082192 0.4972602739726027 0.6568493150684934 0.3684931506849315
0 0.66324200913242 0.36210045662100454 0.66324200913242 0.4926940639269406 0.7331050228310504 0.49452054794520545 0.7317351598173518 0.36575342465753424
0 0.28378995433789955 0.5164383561643835 0.28378995433789955 0.6470319634703197 0.35365296803652974 0.6488584474885843 0.35228310502283117 0.5200913242009132
0 0.36050228310502286 0.517351598173516 0.36050228310502286 0.647945205479452 0.430365296803653 0.6497716894977168 0.4289954337899544 0.5210045662100456
0 0.4358447488584475 0.517351598173516 0.4358447488584475 0.647945205479452 0.5057077625570776 0.6497716894977168 0.504337899543379 0.5210045662100456
0 0.5121004566210047 0.5191780821917807 0.5121004566210047 0.6497716894977168 0.5819634703196348 0.6515981735159815 0.5805936073059361 0.5228310502283104
0 0.5878995433789954 0.5164383561643835 0.5878995433789954 0.6470319634703197 0.6577625570776258 0.6488584474885843 0.6563926940639271 0.5200913242009132
0 0.6627853881278538 0.5136986301369862 0.6627853881278538 0.6442922374429223 0.7326484018264842 0.6461187214611871 0.7312785388127856 0.517351598173516
0 0.28242009132420093 0.6662100456621005 0.28242009132420093 0.7968036529680366 0.35228310502283106 0.7986301369863013 0.3509132420091325 0.6698630136986301
0 0.3591324200913242 0.6671232876712329 0.3591324200913242 0.7977168949771689 0.4289954337899543 0.7995433789954336 0.42762557077625574 0.6707762557077624
0 0.4358447488584475 0.6671232876712329 0.4358447488584475 0.7977168949771689 0.5057077625570776 0.7995433789954336 0.504337899543379 0.6707762557077624
0 0.510730593607306 0.6689497716894977 0.510730593607306 0.7995433789954336 0.5805936073059361 0.8013698630136983 0.5792237442922376 0.6726027397260274
0 0.5865296803652967 0.6662100456621005 0.5865296803652967 0.7968036529680366 0.6563926940639271 0.7986301369863013 0.6550228310502285 0.6698630136986301
0 0.6605022831050228 0.6689497716894977 0.6605022831050228 0.7995433789954337 0.730365296803653 0.8013698630136986 0.7289954337899545 0.6726027397260274
