0 0.10522191780821917 0.1625570776255708 0.10583013698630137 0.3278538812785389 0.21774246575342462 0.330593607305936 0.2201753424657534 0.1643835616438356
0 0.10887123287671231 0.3506849315068493 0.10947945205479451 0.5159817351598174 0.22139178082191777 0.5187214611872145 0.22382465753424655 0.3525114155251141
0 0.10522191780821917 0.5424657534246574 0.10583013698630137 0.7077625570776255 0.2177424657534246 0.7105022831050226 0.22017534246575338 0.5442922374429223
0 0.10400547945205478 0.7287671232876711 0.10461369863013698 0.8940639269406391 0.2165260273972602 0.8968036529680363 0.218958904109589 0.7305936073059359
0 0.23294794520547943 0.7269406392694063 0.2335561643835616 0.8922374429223743 0.34546849315068484 0.8949771689497714 0.3479013698630136 0.7287671232876711
0 0.2353808219178082 0.541552511415525 0.2359890410958904 0.7068493150684929 0.3479013698630136 0.7095890410958902 0.3503342465753424 0.5433789954337898
0 0.2365972602739726 0.3543378995433788 0.23720547945205478 0.5196347031963469 0.34911780821917804 0.522374429223744 0.3515506849315068 0.35616438356164365
0 0.234772602739726 0.16986301369862997 0.2353808219178082 0.335159817351598 0.34729315068493144 0.33789954337899514 0.3497260273972602 0.1716894977168948
0 0.3594575342465752 0.1707762557077626 0.36006575342465746 0.3360730593607306 0.4719780821917807 0.3388127853881278 0.4744109589041095 0.17260273972602738
0 0.36067397260273965 0.35433789954337896 0.3612821917808218 0.519634703196347 0.4731945205479451 0.5223744292237442 0.47562739726027387 0.3561643835616438
0 0.3576328767123287 0.5433789954337899 0.35824109589041087 0.7086757990867579 0.4701534246575341 0.7114155251141551 0.4725863013698629 0.5452054794520547
0 0.3558082191780821 0.7223744292237442 0.35641643835616427 0.8876712328767121 0.4683287671232875 0.8904109589041093 0.4707616438356163 0.724200913242009
0 0.48170958904109573 0.7205479452054793 0.48231780821917797 0.8858447488584473 0.5942301369863012 0.8885844748858445 0.59666301369863 0.7223744292237442
0 0.48475068493150675 0.5406392694063925 0.48535890410958893 0.7059360730593606 0.5972712328767122 0.7086757990867578 0.599704109589041 0.5424657534246574
0 0.4883999999999999 0.3579908675799085 0.48900821917808207 0.5232876712328765 0.6009205479452053 0.5260273972602737 0.6033534246575342 0.35981735159817335
0 0.4890082191780822 0.17808219178082177 0.4896164383561643 0.3433789954337898 0.6015287671232875 0.346118721461187 0.6039616438356163 0.1799086757990866
0 0.6100438356164382 0.171689497716895 0.6106520547945203 0.336986301369863 0.7225643835616437 0.3397260273972602 0.7249972602739725 0.1735159817351598
0 0.6112602739726026 0.35525114155251136 0.6118684931506847 0.5205479452054794 0.723780821917808 0.5232876712328767 0.7262136986301369 0.3570776255707762
0 0.6082191780821917 0.5442922374429223 0.6088273972602739 0.7095890410958904 0.7207397260273971 0.7123287671232876 0.723172602739726 0.5461187214611871
0 0.6063945205479451 0.7232876712328766 0.6070027397260271 0.8885844748858446 0.7189150684931505 0.8913242009132418 0.7213479452054793 0.7251141552511414
0 0.7322958904109588 0.7214611872146118 0.732904109589041 0.8867579908675798 0.8448164383561643 0.8894977168949769 0.847249315068493 0.7232876712328766
0 0.7353369863013697 0.541552511415525 0.7359452054794517 0.7068493150684929 0.8478575342465752 0.7095890410958902 0.8502904109589039 0.5433789954337898
0 0.7389863013698629 0.3589041095890409 0.739594520547945 0.5242009132420089 0.8515068493150683 0.526940639269406 0.8539397260273971 0.36073059360730575
0 0.7395945205479451 0.17899543378995417 0.7402027397260272 0.34429223744292226 0.8521150684931504 0.3470319634703194 0.8545479452054792 0.18082191780821902
