0 0.19787956740204168 0.8404608288548279 0.22856290878933738 0.8399153472301648 0.22897202000783462 0.9021002524417507 0.19801593780820745 0.9023729932540823
0 0.19883416024520187 0.6268474972286604 0.22951750163249757 0.6263020156039973 0.2299266128509948 0.6884869208155832 0.19897053065136763 0.6887596616279147
0 0.19787956740204163 0.6966691451855289 0.2285629087893373 0.6961236635608659 0.22897202000783456 0.7583085687724517 0.1980159378082074 0.7585813095847833
0 0.1977431969958759 0.7681272380163864 0.2284265383831716 0.7675817563917233 0.22883564960166883 0.8297666616033093 0.19787956740204166 0.8300394024156408
0 0.2338513531404455 0.8411208616206696 0.2645346945277412 0.8405753799960065 0.26494380574623844 0.9027602852075924 0.23398772354661126 0.903033026019924
0 0.23480594598360569 0.6275075299945023 0.2654892873709014 0.6269620483698393 0.2658983985893986 0.689146953581425 0.23494231638977145 0.6894196943937565
0 0.23385135314044544 0.6973291779513705 0.26453469452774114 0.6967836963267076 0.2649438057462384 0.7589686015382934 0.23398772354661118 0.759241342350625
0 0.2337149827342797 0.7687872707822281 0.2643983241215754 0.768241789157565 0.2648074353400726 0.830426694369151 0.23385135314044547 0.8306994351814825
0 0.26949312249592816 0.8407908452377483 0.30017646388322383 0.8402453636130852 0.30058557510172107 0.902430268824671 0.2696294929020939 0.9027030096370027
0 0.27044771533908835 0.6271775136115809 0.301131056726384 0.6266320319869179 0.30154016794488125 0.6888169371985036 0.2705840857452541 0.6890896780108352
0 0.26949312249592805 0.6969991615684492 0.3001764638832238 0.6964536799437862 0.300585575101721 0.7586385851553721 0.2696294929020938 0.7589113259677036
0 0.26935675208976234 0.7684572543993068 0.300040093477058 0.7679117727746437 0.3004492046955553 0.8300966779862295 0.2694931224959281 0.8303694187985612
0 0.3054649082343319 0.8414508780035902 0.3361482496216276 0.8409053963789271 0.33655736084012483 0.9030903015905131 0.3056012786404977 0.9033630424028446
0 0.3064195010774921 0.6278375463774232 0.3371028424647878 0.6272920647527601 0.337511953683285 0.6894769699643458 0.30655587148365787 0.6897497107766775
0 0.30546490823433187 0.6976591943342911 0.3361482496216275 0.6971137127096282 0.3365573608401247 0.759298617921214 0.30560127864049763 0.7595713587335456
0 0.3053285378281661 0.7691172871651487 0.3360118792154618 0.7685718055404857 0.336420990433959 0.8307567107520716 0.30546490823433187 0.8310294515644031
0 0.3411066775898145 0.8411208616206689 0.3717900189771101 0.8405753799960058 0.37219913019560735 0.9027602852075917 0.3412430479959802 0.9030330260199233
0 0.3420612704329748 0.6275075299945019 0.37274461182027047 0.6269620483698388 0.3731537230387677 0.6891469535814245 0.3421976408391405 0.6894196943937562
0 0.34110667758981444 0.6973291779513698 0.37179001897711006 0.6967836963267068 0.3721991301956073 0.7589686015382927 0.34124304799598015 0.7592413423506242
0 0.3409703071836487 0.7687872707822274 0.3716536485709443 0.7682417891575644 0.37206275978944153 0.8304266943691502 0.34110667758981444 0.8306994351814818
0 0.37592340598799434 0.8401308124719051 0.4066067473752899 0.8395853308472421 0.4070158585937872 0.901770236058828 0.37605977639416005 0.9020429768711595
0 0.3768779988311546 0.6265174808457382 0.4075613402184503 0.6259719992210752 0.40797045143694755 0.688156904432661 0.37701436923732035 0.6884296452449925
0 0.37592340598799423 0.6963391288026061 0.40660674737528985 0.695793647177943 0.4070158585937871 0.7579785523895289 0.37605977639416 0.7582512932018605
0 0.3757870355818285 0.7677972216334636 0.40647037696912414 0.7672517400088006 0.4068794881876214 0.8294366452203864 0.37592340598799423 0.829709386032718
