0 0.3144226343792634 0.64700078933026 0.3469033361599705 0.6466486950020137 0.3463091769810551 0.7054484478191205 0.31323431602143265 0.704392164834382
0 0.3132343160214327 0.7128424287122896 0.34571501780213976 0.7124903343840435 0.34512085862322445 0.7712900872011502 0.31204599766360197 0.7702338042164117
0 0.312045997663602 0.7800924454073044 0.3445266994443091 0.7797403510790581 0.3439325402653937 0.838540103896165 0.3108576793057713 0.8374838209114265
0 0.3102635201268559 0.8466382734458261 0.3429422749672014 0.8483987450870568 0.3419520096690092 0.9079026865606559 0.3084810425901098 0.9050859319346867
0 0.35165660959129347 0.648057072314999 0.3841373113720006 0.6491133552997375 0.38354315219308527 0.7079131081168442 0.3504682912334628 0.7068568251321057
0 0.35046829123346285 0.7153070890100133 0.3829489930141699 0.7149549946817672 0.38235483383525454 0.7737547474988739 0.34927997287563206 0.7726984645141354
0 0.34927997287563217 0.7829092000332737 0.3817606746563392 0.7825571057050276 0.38116651547742386 0.8413568585221343 0.3480916545178014 0.8403005755373958
0 0.34749749533888596 0.8491029337435498 0.3801762501792315 0.8508634053847804 0.37918598488103933 0.9103673468583796 0.34571501780213987 0.9075505922324103
0 0.3888905848033236 0.6487612609714914 0.42156933964366927 0.6487612609714914 0.4215693396436692 0.710025674086321 0.38849447868404674 0.7089693911015825
0 0.38829642562440836 0.7153070890100133 0.42097518046475385 0.7170675606512441 0.42038102128583854 0.7758673134683508 0.38730616032621606 0.7748110304836123
0 0.3869100542069392 0.7811487283920431 0.4197868621069231 0.7811487283920432 0.4187965968087309 0.8431173301633652 0.3857217358491084 0.8420610471786267
0 0.3855236827894699 0.8512154997130267 0.41820243762981546 0.8529759713542573 0.4172121723316233 0.9124799128278565 0.3837412052527238 0.9096631582018873
0 0.428279808179475 0.6465881304561251 0.461715632663808 0.6462256824942354 0.46110400172811905 0.7067544921298302 0.427056546308097 0.7056671482441608
0 0.42705654630809703 0.7143658993295159 0.46049237079243005 0.7140034513676261 0.4598807398567411 0.7745322610032211 0.425833284436719 0.7734449171175517
0 0.4258332844367191 0.7835934600504664 0.4592691089210521 0.7832310120885765 0.4586574779853631 0.8437598217241714 0.4246100225653409 0.8426724778385021
0 0.423998391629652 0.8520961248476364 0.45763809309254805 0.8539083646570853 0.4566187081997331 0.91516207021646 0.42216349882258497 0.9122624865213418
0 0.4666086801493202 0.6476754743417951 0.5000445046336534 0.6487628182274645 0.49943287369796435 0.7092916278630593 0.4653854182779422 0.7082042839773899
0 0.46538541827794233 0.7169030350627452 0.4988212427622753 0.7165405871008553 0.49820961182658635 0.7770693967364503 0.4641621564065643 0.7759820528507808
0 0.4641621564065643 0.7864930437455847 0.4975979808908973 0.7861305957836948 0.49698634995520835 0.8466594054192899 0.46293889453518633 0.8455720615336206
0 0.4623272635994973 0.8546332605808656 0.49596696506239335 0.8564455003903144 0.4949475801695783 0.9176992059496891 0.46049237079243016 0.9147996222545707
0 0.5049375521191655 0.6484003702655747 0.5385772535820615 0.6484003702655747 0.5385772535820615 0.7114663156343982 0.5045297981620396 0.7103789717487288
0 0.5043259211834767 0.7169030350627452 0.5379656226463726 0.7187152748721941 0.5373539917106835 0.779244084507789 0.5033065362906616 0.7781567406221196
0 0.5028987823335356 0.7846808039361359 0.5367423607749946 0.784680803936136 0.5357229758821797 0.848471645228739 0.5016755204621576 0.8473843013430696
0 0.5014716434835944 0.8568079483522041 0.5351113449464905 0.8586201881616529 0.5340919600536754 0.9198738937210277 0.49963675067652746 0.9169743100259091
