0 0.4452795227506395 0.5664345874713428 0.46335800684795203 0.5670581835479561 0.46372852689080735 0.5961346383583888 0.44531784095468085 0.5968179991234805
0 0.4670628259381293 0.5655311871567303 0.48544620764162344 0.5654320629816537 0.48551183007829724 0.5954119181066988 0.46720277667756444 0.5968179991234807
0 0.49005869049726436 0.5637041466746677 0.5075971400932807 0.5640652227899465 0.5078978994250687 0.5950303181280161 0.49019864123669943 0.594990958641418
0 0.708590131479812 0.5401754693948403 0.7292094289619719 0.5398956651568413 0.7292750513986458 0.5711402807223437 0.7087300822192472 0.5714622813615906
0 0.5115031554653784 0.5640655068005127 0.5290416050613947 0.5644265829157916 0.5293423643931827 0.5953916782538611 0.5116431062048135 0.595352318767263
0 0.5337606807166435 0.5624393862342104 0.5512991303126599 0.5628004623494892 0.5515998896444478 0.5937655576875588 0.5339006314560786 0.5937261982009607
0 0.5552051456847575 0.5615359859195979 0.5727435952807739 0.5618970620348768 0.5730443546125619 0.5928621573729462 0.5553450964241926 0.5928227978863482
0 0.4909733833158096 0.6045378408951523 0.5085118329118259 0.6048989170104312 0.5088125922436139 0.6358640123485008 0.4911133340552446 0.6358246528619026
0 0.5124178482839238 0.6048992010209973 0.5299562978799401 0.6052602771362762 0.530257057211728 0.6362253724743457 0.5125577990233589 0.6361860129877477
0 0.5346753735351887 0.603273080454695 0.552213823131205 0.6036341565699739 0.552514582462993 0.6345992519080434 0.5348153242746237 0.6345598924214453
0 0.5561198385033025 0.6023696801400824 0.5736582880993188 0.6027307562553613 0.5739590474311068 0.6336958515934308 0.5562597892427376 0.6336564921068327
0 0.4909733833158095 0.6406738534796519 0.5085118329118259 0.6410349295949308 0.5088125922436137 0.6720000249330004 0.49111333405524454 0.6719606654464022
0 0.5124178482839237 0.6410352136054969 0.52995629787994 0.6413962897207759 0.530257057211728 0.6723613850588454 0.5125577990233587 0.6723220255722473
0 0.5346753735351887 0.6394090930391946 0.552213823131205 0.6397701691544735 0.5525145824629929 0.6707352644925431 0.5348153242746236 0.6706959050059449
0 0.5561198385033024 0.6385056927245819 0.5736582880993187 0.6388667688398608 0.5739590474311067 0.6698318641779304 0.5562597892427374 0.6697925046913323
0 0.4912782809219912 0.6793393869450665 0.5088167305180076 0.6797004630603455 0.5091174898497955 0.7106655583984149 0.4914182316614263 0.7106261989118168
0 0.5127227458901054 0.6797007470709114 0.5302611954861217 0.6800618231861904 0.5305619548179097 0.7110269185242599 0.5128626966295404 0.7109875590376618
0 0.5349802711413704 0.678074626504609 0.5525187207373867 0.6784357026198878 0.5528194800691747 0.7094007979579575 0.5351202218808054 0.7093614384713594
0 0.5564247361094842 0.6771712261899965 0.5739631857055005 0.6775323023052755 0.5742639450372884 0.7084973976433449 0.5565646868489192 0.7084580381567469
0 0.4686142255291504 0.6059832813985323 0.48615267512516674 0.6063443575138112 0.48645343445695466 0.6373094528518807 0.4687541762685854 0.6372700933652826
0 0.46861422552915033 0.6421192939830318 0.4861526751251667 0.6424803700983108 0.4864534344569546 0.6734454654363803 0.46875417626858534 0.6734061059497821
0 0.468919123135332 0.6807848274484465 0.48645757273134843 0.6811459035637255 0.48675833206313635 0.712110998901795 0.4690590738747671 0.7120716394151968
0 0.446458332813279 0.6081514421536022 0.46399678240929537 0.6085125182688811 0.46429754174108334 0.6394776136069507 0.4465982835527141 0.6394382541203525
0 0.44645833281327896 0.6442874547381018 0.4639967824092953 0.6446485308533808 0.46429754174108323 0.6756136261914503 0.446598283552714 0.6755742667048521
0 0.4467632304194607 0.6829529882035165 0.46430168001547706 0.6833140643187954 0.464602439347265 0.714279159656865 0.44690318115889577 0.7142398001702668
