0 0.5040933967824134 0.5752612823923802 0.5036141083780883 0.623403139893476 0.5314128358289423 0.6229771057562982 0.5309335474246172 0.5744092141180246
0 0.504812329388901 0.6370362322831666 0.504333040984576 0.6851780897842624 0.53213176843543 0.6847520556470847 0.5316524800311049 0.6361841640088111
0 0.5050519735910636 0.6992372163111311 0.5045726851867386 0.7473790738122268 0.5323714126375926 0.7469530396750491 0.5318921242332675 0.6983851480367754
0 0.5052916177932262 0.7618642344762734 0.5048123293889012 0.8100060919773691 0.5326110568397552 0.8095800578401914 0.5321317684354301 0.7610121662019176
0 0.5398003829046311 0.5761133506667359 0.539321094500306 0.6242552081678316 0.56711982195116 0.6238291740306539 0.5666405335468349 0.5752612823923802
0 0.5405193155111188 0.6378883005575223 0.5400400271067937 0.6860301580586181 0.5678387545576477 0.6856041239214404 0.5673594661533226 0.6370362322831666
0 0.5407589597132813 0.7000892845854868 0.5402796713089563 0.7482311420865826 0.5680783987598103 0.7478051079494048 0.5675991103554852 0.6992372163111311
0 0.5409986039154439 0.7627163027506291 0.5405193155111189 0.8108581602517247 0.5683180429619729 0.8104321261145471 0.5678387545576478 0.7618642344762734
0 0.5752677248246862 0.5739831799808466 0.5759866574311739 0.6216990033447646 0.6037853848820279 0.6212729692075868 0.6033060964777028 0.5727050775693132
0 0.5755073690268488 0.6361841640088111 0.5762263016333367 0.683899987372729 0.6040250290841906 0.6834739532355512 0.6035457406798655 0.6349060615972775
0 0.5762263016333367 0.6988111821739532 0.5767055900376618 0.746953039675049 0.6045043174885157 0.7465270055378713 0.6040250290841906 0.6979591138995975
0 0.5776641668463118 0.7601600979275619 0.5771848784419867 0.8083019554286577 0.6049836058928407 0.80787592129148 0.6045043174885156 0.7593080296532062
0 0.6104954225425789 0.5748352482552022 0.6116936435533916 0.6225510716191203 0.6394923710042456 0.6221250374819425 0.6390130825999205 0.5735571458436688
0 0.6114539993512291 0.6366101981459886 0.6124125761598793 0.6843260215099067 0.6402113036107332 0.6838999873727291 0.6397320152064081 0.6353320957344553
0 0.6124125761598791 0.6975330797624198 0.6126522203620417 0.746953039675049 0.6404509478128957 0.7465270055378713 0.6399716594085705 0.6979591138995975
0 0.6119332877555543 0.7610121662019176 0.6128918645642044 0.8091540237030134 0.6406905920150584 0.8087279895658357 0.6402113036107333 0.7601600979275619
0 0.6447645434518213 0.5731311117064909 0.6454834760583091 0.620846935070409 0.6732822035091631 0.6204209009332312 0.6728029151048379 0.5718530092949575
0 0.645004187653984 0.6353320957344554 0.6457231202604719 0.6830479190983731 0.6735218477113258 0.6826218849611955 0.6730425593070006 0.6340539933229219
0 0.6457231202604719 0.6979591138995977 0.646202408664797 0.7461009714006934 0.6740011361156509 0.7456749372635157 0.6735218477113257 0.697107045625242
0 0.647160985473447 0.7593080296532064 0.6466816970691219 0.8074498871543021 0.6744804245199759 0.8070238530171244 0.6740011361156507 0.7584559613788506
0 0.679992241169714 0.5739831799808465 0.6811904621805267 0.6216990033447646 0.7089891896313807 0.6212729692075868 0.7085099012270557 0.5727050775693132
0 0.6809508179783643 0.6357581298716329 0.6819093947870144 0.683473953235551 0.7097081222378684 0.6830479190983734 0.7092288338335433 0.6344800274600996
0 0.6819093947870143 0.6966810114880643 0.6821490389891768 0.7461009714006934 0.7099477664400308 0.7456749372635157 0.7094684780357057 0.697107045625242
0 0.6814301063826893 0.7601600979275619 0.6823886831913394 0.8083019554286577 0.7101874106421933 0.80787592129148 0.7097081222378683 0.7593080296532062
0 0.4851615048115733 0.26936877189869235 0.4851615048115733 0.22889552886679765 0.5079277040170139 0.22804346059244204 0.5084069924213389 0.2706468743102258
0 0.5158359626883777 0.26894273776151456 0.5158359626883777 0.22846949472961986 0.5386021618938184 0.22761742645526423 0.5390814502981435 0.27022084017304804
0 0.5460311321608572 0.2685167036243367 0.5460311321608572 0.228043460592442 0.5687973313662978 0.22719139231808635 0.5692766197706229 0.2697948060358702
0 0.5767055900376615 0.2680906694871589 0.5767055900376615 0.22761742645526417 0.5994717892431022 0.22676535818090854 0.5999510776474272 0.26936877189869235
0 0.6049836058928406 0.2680906694871588 0.6049836058928406 0.22761742645526414 0.6277498050982813 0.2267653581809085 0.6282290935026063 0.26936877189869235
0 0.6356580637696451 0.26766463534998103 0.6356580637696451 0.22719139231808633 0.6584242629750858 0.2263393240437307 0.6589035513794107 0.2689427377615145
0 0.6658532332421245 0.2672386012128032 0.6658532332421245 0.22676535818090848 0.6886194324475652 0.22591328990655285 0.6890987208518902 0.26851670362433666
0 0.6965276911189286 0.26681256707562534 0.6965276911189286 0.22633932404373067 0.7192938903243693 0.22548725576937503 0.7197731787286944 0.2680906694871588
0 0.486839014226711 0.4551196557082299 0.486839014226711 0.4146464126763352 0.5096052134321516 0.41379434440197954 0.5100845018364767 0.45639775811976335
0 0.5175134721035155 0.45469362157105203 0.5175134721035155 0.41422037853915733 0.5402796713089562 0.4133683102648017 0.5407589597132811 0.4559717239825855
0 0.547708641575995 0.4542675874338742 0.547708641575995 0.4137943444019795 0.5704748407814356 0.41294227612762385 0.5709541291857607 0.45554568984540766
0 0.5783830994527992 0.4538415532966964 0.5783830994527992 0.4133683102648017 0.6011492986582399 0.41251624199044606 0.601628587062565 0.4551196557082299
0 0.6066611153079784 0.45384155329669634 0.6066611153079784 0.41336831026480164 0.629427314513419 0.412516241990446 0.629906602917744 0.4551196557082298
0 0.6373355731847828 0.45341551915951855 0.6373355731847828 0.41294227612762385 0.6601017723902235 0.4120902078532682 0.6605810607945485 0.45469362157105203
0 0.6675307426572624 0.4529894850223407 0.6675307426572624 0.412516241990446 0.6902969418627031 0.4116641737160904 0.6907762302670281 0.4542675874338742
0 0.6982052005340665 0.4525634508851628 0.6982052005340665 0.41209020785326816 0.7209713997395072 0.4112381395789126 0.7214506881438322 0.4538415532966964
