0 0.038420697544806544 0.0730593607305936 0.038420697544806544 0.2684931506849315 0.1790795224546068 0.2694063926940639 0.1797307207180781 0.07671232876712329
0 0.038420697544806544 0.28858447488584477 0.038420697544806544 0.4840182648401827 0.1790795224546068 0.484931506849315 0.1797307207180781 0.2922374429223744
0 0.03711830101786395 0.5050228310502283 0.03711830101786395 0.7004566210045661 0.1777771259276642 0.7013698630136986 0.17842832419113552 0.508675799086758
0 0.03711830101786395 0.7269406392694063 0.03711830101786395 0.9223744292237441 0.1777771259276642 0.9232876712328766 0.17842832419113552 0.7305936073059359
0 0.19666187556833178 0.07397260273972601 0.19666187556833178 0.2694063926940639 0.337320700478132 0.2703196347031963 0.3379718987416034 0.0776255707762557
0 0.19601067730486052 0.2867579908675799 0.19601067730486052 0.4821917808219178 0.33666950221466074 0.48310502283105017 0.3373207004781321 0.29041095890410956
0 0.19535947904138923 0.5059360730593607 0.19535947904138923 0.7013698630136986 0.3360183039511895 0.7022831050228311 0.3366695022146608 0.5095890410958903
0 0.19535947904138923 0.7278538812785388 0.19535947904138923 0.9232876712328766 0.3360183039511895 0.9242009132420091 0.3366695022146608 0.7315068493150685
0 0.3529494588014432 0.07123287671232877 0.3529494588014432 0.26666666666666666 0.49360828371124343 0.26757990867579906 0.4942594819747147 0.07488584474885845
0 0.3529494588014432 0.28949771689497716 0.3529494588014432 0.4849315068493151 0.49360828371124343 0.4858447488584474 0.4942594819747147 0.2931506849315068
0 0.3516470622745006 0.5031963470319635 0.3516470622745006 0.6986301369863013 0.49230588718430085 0.6995433789954337 0.4929570854477721 0.5068493150684931
0 0.3516470622745006 0.7251141552511414 0.3516470622745006 0.9205479452054793 0.49230588718430085 0.9214611872146118 0.4929570854477721 0.7287671232876711
0 0.5111906368249685 0.07214611872146119 0.5111906368249685 0.2675799086757991 0.6518494617347688 0.26849315068493146 0.65250065999824 0.07579908675799088
0 0.5118418350884398 0.28949771689497716 0.5118418350884398 0.4849315068493151 0.65250065999824 0.4858447488584474 0.6531518582617114 0.2931506849315068
0 0.5098882402980258 0.5041095890410958 0.5098882402980258 0.6995433789954337 0.6505470652078261 0.7004566210045663 0.6511982634712975 0.5077625570776255
0 0.5098882402980258 0.726027397260274 0.5098882402980258 0.9214611872146118 0.6505470652078261 0.9223744292237442 0.6511982634712975 0.7296803652968036
0 0.6642222287407233 0.0776255707762557 0.6642222287407233 0.2730593607305936 0.8048810536505236 0.273972602739726 0.8055322519139949 0.0812785388127854
0 0.6635710304772521 0.29041095890410956 0.6635710304772521 0.4858447488584475 0.8042298553870524 0.4867579908675798 0.8048810536505236 0.29406392694063926
0 0.6629198322137807 0.5095890410958903 0.6629198322137807 0.7050228310502282 0.803578657123581 0.7059360730593608 0.8042298553870524 0.51324200913242
0 0.6629198322137807 0.7315068493150685 0.6629198322137807 0.9269406392694063 0.803578657123581 0.9278538812785387 0.8042298553870524 0.7351598173515981
0 0.8224634067642487 0.07853881278538813 0.8224634067642487 0.27397260273972607 0.963122231674049 0.2748858447488584 0.9637734299375202 0.08219178082191782
0 0.8231146050277199 0.29589041095890406 0.8231146050277199 0.49132420091324197 0.9637734299375202 0.49223744292237437 0.9644246282009916 0.29954337899543376
0 0.821161010237306 0.5105022831050228 0.821161010237306 0.7059360730593608 0.9618198351471063 0.7068493150684932 0.9624710334105777 0.5141552511415525
0 0.821161010237306 0.7324200913242009 0.821161010237306 0.9278538812785387 0.9618198351471063 0.9287671232876713 0.9624710334105777 0.7360730593607306
