0 0.024794237363501042 0.04026241642620076 0.024794237363501042 0.2529367975327379 0.1696411280975596 0.25393060305192705 0.17031171555466176 0.044237638502958435
0 0.024794237363501042 0.274800518954905 0.024794237363501042 0.48747490006144206 0.1696411280975596 0.48846870558063143 0.17031171555466176 0.27877574103166297
0 0.025081951560660457 0.5111651055018743 0.025081951560660457 0.7238394866084107 0.16992884229471902 0.7248332921276004 0.1705994297518212 0.5151403275786318
0 0.02345306244929678 0.7518271681658293 0.02345306244929678 0.9645015492723659 0.1682999531833554 0.9654953547915551 0.1689705406404575 0.7558023902425866
0 0.1877469894393168 0.041256221945390165 0.1877469894393168 0.25393060305192705 0.3325938801733754 0.25492440857111653 0.33326446763047746 0.045231444022147856
0 0.18707640198221476 0.27281290791652624 0.18707640198221476 0.4854872890230631 0.33192329271627324 0.48648109454225247 0.3325938801733754 0.276788129993284
0 0.18640581452511257 0.5113262325219881 0.18640581452511257 0.7240006136285254 0.331252705259171 0.7249944191477143 0.33192329271627324 0.5153014545987455
0 0.18640581452511257 0.7528209736850183 0.18640581452511257 0.9654953547915551 0.331252705259171 0.9664891603107446 0.33192329271627324 0.7567961957617765
0 0.34868797914382654 0.038274805387821895 0.34868797914382654 0.25094918649435904 0.4935348698778851 0.2519429920135483 0.49420545733498733 0.04225002746457962
0 0.34868797914382654 0.27579432447409447 0.34868797914382654 0.48846870558063155 0.4935348698778851 0.48946251109982064 0.49420545733498733 0.27976954655085234
0 0.34734680422962205 0.5083448159644196 0.34734680422962205 0.7210191970709569 0.49219369496368093 0.7220130025901459 0.49286428242078295 0.5123200380411777
0 0.35358014659114106 0.7498395571274501 0.35358014659114106 0.9625139382339873 0.49842703732519966 0.9635077437531764 0.49909762478230163 0.7538147792042078
0 0.5116407312196423 0.039268610907011336 0.5116407312196423 0.2519429920135483 0.6564876219537009 0.2529367975327379 0.657158209410803 0.043243832983769034
0 0.5123113186767444 0.27579432447409447 0.5123113186767444 0.48846870558063155 0.657158209410803 0.48946251109982064 0.6578287968679054 0.27976954655085234
0 0.510299556305438 0.5093386214836094 0.510299556305438 0.7220130025901459 0.655146447039497 0.7230068081093356 0.6558170344965988 0.513313843560367
0 0.510299556305438 0.7508333626466395 0.510299556305438 0.9635077437531764 0.655146447039497 0.9645015492723661 0.6558170344965988 0.7548085847233973
0 0.6731642375307456 0.0365296803652968 0.674374860150794 0.2502283105022831 0.8126124398204974 0.2484018264840182 0.8144742607040172 0.04018264840182649
0 0.668558196181539 0.276788129993284 0.668558196181539 0.4894625110998208 0.8134050869155978 0.4904563166190103 0.8140756743726998 0.2807633520700416
0 0.6698993710957432 0.5143076490795564 0.6698993710957432 0.7269820301860933 0.8147462618298019 0.7279758357052829 0.815416849286904 0.5182828711563141
0 0.6698993710957432 0.7558023902425866 0.6698993710957432 0.9684767713491234 0.8147462618298019 0.9694705768683127 0.815416849286904 0.759777612319344
0 0.8354039207058119 0.03883874995822091 0.8354039207058119 0.25151313106475803 0.9802508114398709 0.25250693658394724 0.980921398896973 0.04281397203497864
0 0.8322468118615347 0.2717920589988315 0.8322468118615347 0.48446644010536843 0.9770937025955938 0.485460245624558 0.9777642900526956 0.27576728107558923
0 0.832852123171559 0.5153014545987455 0.832852123171559 0.7279758357052829 0.977699013905618 0.7289696412244724 0.9783696013627199 0.5192766766755036
0 0.832852123171559 0.7567961957617765 0.832852123171559 0.9694705768683127 0.977699013905618 0.9704643823875025 0.9783696013627199 0.760771417838534
