0 0.3445045104951251 0.579932631332231 0.34538073070472214 0.6427300631522443 0.3880234475717808 0.6450732509067225 0.3888996677813779 0.5808699064340223
0 0.34479658389832407 0.6539773643737392 0.343920363688727 0.7167747961937527 0.3886075943781789 0.716306158642857 0.38948381458777603 0.6577264647809042
0 0.344212437091926 0.7256789096607696 0.34479658389832407 0.7912881667861565 0.3871472273621838 0.790819529235261 0.3886075943781789 0.7284907349661431
0 0.3474252445271154 0.804410018211234 0.34800939133351344 0.8672074500312474 0.38919174118457694 0.8681447251330385 0.3915283284101692 0.8039413806603385
0 0.39883016349014505 0.7327084729242038 0.43913629313161145 0.7331771104750995 0.4400125133412086 0.7931627169897391 0.39824601668374693 0.7959745422951127
0 0.39824601668374693 0.8053472933130252 0.44118080695400475 0.8058159308639209 0.4420570271636018 0.8709565504384124 0.39795394328054795 0.8700192753366209
0 0.39649357626455284 0.6544460019246349 0.44088873355080566 0.6544460019246349 0.43942836653481054 0.7247416345589782 0.3967856496677518 0.723804359457187
0 0.3973697964741499 0.5804012688831266 0.4403045867444076 0.5785267186795441 0.4405966601476067 0.6469478011103049 0.3967856496677518 0.6464791635594093
0 0.4470222750179852 0.5808699064340221 0.4478984952275822 0.6436673382540354 0.49054121209464085 0.6460105260085136 0.491417432304238 0.5818071815358133
0 0.44731434842118417 0.6549146394755303 0.446438128211587 0.7177120712955438 0.491125358901039 0.717243433744648 0.49200157911063613 0.6586637398826953
0 0.44673020161478605 0.7266161847625606 0.44731434842118417 0.7922254418879475 0.48966499188504387 0.7917568043370521 0.491125358901039 0.7294280100679341
0 0.4499430090499754 0.8053472933130251 0.45052715585637343 0.8681447251330385 0.491709505707437 0.8690820002348296 0.49404609293302926 0.8048786557621296
0 0.5013479280130051 0.7336457480259949 0.5416540576544715 0.7341143855768906 0.5425302778640686 0.7940999920915301 0.5007637812066069 0.7969118173969038
0 0.5007637812066069 0.8062845684148163 0.5436985714768647 0.806753205965712 0.5445747916864618 0.8718938255402034 0.5004717078034081 0.870956550438412
0 0.49901134078741294 0.6553832770264258 0.5434064980736657 0.6553832770264258 0.5419461310576706 0.7256789096607693 0.4993034141906119 0.7247416345589781
0 0.49988756099701015 0.5813385439849177 0.5428223512672679 0.5794639937813352 0.5431144246704669 0.647885076212096 0.4993034141906121 0.6474164386612002
0 0.4470222750179852 0.5808699064340221 0.4478984952275822 0.6436673382540354 0.49054121209464085 0.6460105260085136 0.491417432304238 0.5818071815358133
0 0.44731434842118417 0.6549146394755303 0.446438128211587 0.7177120712955438 0.491125358901039 0.717243433744648 0.49200157911063613 0.6586637398826953
0 0.44673020161478605 0.7266161847625606 0.44731434842118417 0.7922254418879475 0.48966499188504387 0.7917568043370521 0.491125358901039 0.7294280100679341
0 0.4499430090499754 0.8053472933130251 0.45052715585637343 0.8681447251330385 0.491709505707437 0.8690820002348296 0.49404609293302926 0.8048786557621296
0 0.5013479280130051 0.7336457480259949 0.5416540576544715 0.7341143855768906 0.5425302778640686 0.7940999920915301 0.5007637812066069 0.7969118173969038
0 0.5007637812066069 0.8062845684148163 0.5436985714768647 0.806753205965712 0.5445747916864618 0.8718938255402034 0.5004717078034081 0.870956550438412
0 0.49901134078741294 0.6553832770264258 0.5434064980736657 0.6553832770264258 0.5419461310576706 0.7256789096607693 0.4993034141906119 0.7247416345589781
0 0.49988756099701015 0.5813385439849177 0.5428223512672679 0.5794639937813352 0.5431144246704669 0.647885076212096 0.4993034141906121 0.6474164386612002
0 0.49988756099701015 0.5813385439849177 0.5428223512672679 0.5794639937813352 0.5431144246704669 0.647885076212096 0.4993034141906121 0.6474164386612002
0 0.548625896520577 0.5853983792065796 0.549502116730174 0.6481958110265928 0.5921448335972328 0.650538998781071 0.5930210538068299 0.5863356543083708
0 0.5489179699237761 0.6594431122480877 0.548041749714179 0.7222405440681012 0.5927289804036309 0.7217719065172055 0.593605200613228 0.6631922126552527
0 0.5483338231173779 0.731144657535118 0.5489179699237761 0.7967539146605049 0.5912686133876357 0.7962852771096095 0.5927289804036309 0.7339564828404916
0 0.5515466305525674 0.8098757660855825 0.5521307773589653 0.8726731979055959 0.5933131272100289 0.873610473007387 0.5956497144356212 0.809407128534687
0 0.6029515495155969 0.7381742207985523 0.6432576791570633 0.738642858349448 0.6441338993666605 0.7986284648640876 0.6023674027091989 0.8014402901694612
0 0.6023674027091989 0.8108130411873737 0.6453021929794567 0.8112816787382694 0.6461784131890538 0.8764222983127609 0.6020753293059999 0.8754850232109694
0 0.6006149622900048 0.6599117497989834 0.6450101195762576 0.6599117497989834 0.6435497525602625 0.7302073824333267 0.6009070356932038 0.7292701073315355
0 0.601491182499602 0.5858670167574751 0.6444259727698597 0.5839924665538926 0.6447180461730588 0.6524135489846534 0.6009070356932039 0.6519449114337577
